[38;2;205;214;244m[48;2;30;30;46mfixture capture














                [38;2;148;226;213m[48;2;49;50;68m╭ Choose topic ────────────────────────────────────────────────────────────────────────╮[38;2;205;214;244m[48;2;30;30;46m
                [38;2;148;226;213m[48;2;49;50;68m│[38;2;203;166;247m╭ Search topics ─────────────────────────────────────────────────────────────────────╮[38;2;148;226;213m│[38;2;205;214;244m[48;2;30;30;46m
                [38;2;148;226;213m[48;2;49;50;68m│[38;2;203;166;247m│[38;2;205;214;244mplatform                                                                            [38;2;203;166;247m│[38;2;148;226;213m│[38;2;205;214;244m[48;2;30;30;46m
                [38;2;148;226;213m[48;2;49;50;68m│[38;2;203;166;247m╰────────────────────────────────────────────────────────────────────────────────────╯[38;2;148;226;213m│[38;2;205;214;244m[48;2;30;30;46m
                [38;2;148;226;213m[48;2;49;50;68m│[38;2;166;173;200m[48;2;69;71;90m All topics [38;2;108;112;134m[48;2;49;50;68m  Current: all[38;2;205;214;244m                                                            [38;2;148;226;213m│[38;2;205;214;244m[48;2;30;30;46m
                [38;2;148;226;213m[48;2;49;50;68m│[1m[38;2;205;214;244m[48;2;69;71;90m Platform adapters[38;2;108;112;134m · cedar[38;2;205;214;244m  [38;2;166;173;200m5 tasks[38;2;205;214;244m                                                   [0m[38;2;148;226;213m[48;2;49;50;68m│[38;2;205;214;244m[48;2;30;30;46m
                [38;2;148;226;213m[48;2;49;50;68m│[38;2;108;112;134m1/1 · ↑/↓ or wheel[38;2;205;214;244m                                                                    [38;2;148;226;213m│[38;2;205;214;244m[48;2;30;30;46m
                [38;2;148;226;213m[48;2;49;50;68m│[38;2;166;173;200m[48;2;69;71;90m Select [38;2;205;214;244m[48;2;49;50;68m [38;2;166;173;200m[48;2;69;71;90m Cancel [38;2;108;112;134m[48;2;49;50;68m  Enter selects · Esc cancels[38;2;205;214;244m                                        [38;2;148;226;213m│[38;2;205;214;244m[48;2;30;30;46m
                [38;2;148;226;213m[48;2;49;50;68m╰──────────────────────────────────────────────────────────────────────────────────────╯[38;2;205;214;244m[48;2;30;30;46m
















